time (s)	theta (A)	maj axis/z0	min axis/z0	crossing#mod 255
1196.363303	295.842499	1.348312	-0.100000	203
1198.399625	295.568207	1.335909	-0.100000	205
1200.439175	295.100403	1.327091	-0.100000	207
1202.476395	294.737427	1.317023	-0.100000	209
1204.512849	294.429108	1.306547	-0.100000	211
1206.551764	294.018677	1.293442	-0.100000	213
1208.590660	293.652252	1.283830	-0.100000	215
1210.628399	293.430267	1.274549	-0.100000	217
1212.666918	293.255402	1.264411	-0.100000	219
1214.706530	293.012817	1.253231	-0.100000	221
1216.745626	292.839966	1.243052	-0.100000	223
1218.784650	292.760162	1.234326	-0.100000	225
1220.824188	292.724731	1.224687	-0.100000	227
1222.864209	292.530304	1.215112	-0.100000	229
1224.903598	292.535492	1.203725	-0.100000	231
1226.943094	292.547882	1.192736	-0.100000	233
1228.983161	121.430733	1.159418	0.100000	235
1231.022474	116.421577	1.185533	0.100000	237
1233.061788	115.424622	1.184333	0.100000	239
1235.101042	117.652908	1.142164	0.100000	241
1237.140300	116.151680	1.130121	0.100000	243
1239.179784	119.315926	1.113363	0.100000	245
1241.218995	114.328262	1.160821	0.100000	247
1243.258235	114.399879	1.149031	0.100000	249
1245.298070	114.286705	1.137933	0.100000	251
1247.337942	114.839401	1.126495	0.100000	253
1249.378536	113.618431	1.121186	0.100000	255
1251.418212	113.740372	1.112251	0.100000	1
1253.459334	113.854660	1.114138	0.100000	3
1255.499781	113.016968	1.110685	0.100000	5
1257.540770	112.512741	1.104381	0.100000	7
1259.582006	112.171585	1.092118	0.100000	9
1261.623165	112.698151	1.081710	0.100000	11
1263.664910	111.664902	1.066451	0.100000	13
1265.706197	110.981148	1.048848	0.100000	15
1267.747382	110.593987	-0.960875	0.100000	17
1269.788557	134.193893	-1.108546	0.100000	19
1271.829219	102.541458	-1.047215	0.100000	21
1273.869312	110.610130	-0.964834	0.100000	23
1275.909040	110.543396	-0.953914	0.100000	25
1277.947550	110.702393	-0.948971	0.100000	27
1279.985334	112.364693	-0.964364	0.100000	29
1282.022990	105.898277	-0.791031	0.100000	31
1284.060999	110.143845	-0.834751	0.100000	33
1286.098659	110.768211	-0.846171	0.100000	35
1288.136300	122.181633	-0.856341	0.100000	37
1290.175091	119.753685	-0.859499	0.100000	39
1292.214838	102.419617	-0.831487	0.100000	41
1294.254345	111.015068	-0.854529	0.100000	43
1296.294692	110.678185	-0.883484	0.098603	45
1298.335218	108.443939	-0.825030	0.100000	47
1300.376814	107.363258	-0.778277	0.100000	49
1302.418724	110.851372	-0.859839	0.100000	51
1304.459685	108.907051	-0.800332	0.100000	53
1306.501249	109.179359	-0.810501	0.100000	55
1308.541359	109.545753	-0.813494	0.100000	57
1310.581138	109.504898	-0.806811	0.100000	59
1312.620106	109.541939	-0.799949	0.100000	61
1314.658660	109.626122	-0.794165	0.100000	63
1316.697106	109.557068	-0.794831	0.100000	65
1318.735269	120.158981	-1.000242	0.100000	67
1320.773165	127.069069	-0.920171	0.100000	69
1322.810950	104.635414	-0.844855	0.100000	71
1324.850191	88.386459	-0.760615	0.100000	73
1326.888736	94.475601	-0.719414	0.100000	75
1328.926922	91.379601	-0.621743	0.100000	77
1330.964834	95.979866	-0.622892	0.100000	79
1333.004314	108.819160	-0.738197	0.100000	81
1335.043116	108.772614	-0.730204	0.100000	83
1337.082535	108.738350	-0.723540	0.100000	85
1339.122591	109.427780	-0.723503	0.089776	87
1341.161836	109.347366	-0.715645	0.089298	89
1343.201794	109.352715	-0.710202	0.089363	91
1345.241834	109.387764	-0.703628	0.088818	93
1347.282092	109.380867	-0.697680	0.088481	95
1349.322579	109.429482	-0.689587	0.087982	97
1351.363013	109.479942	-0.681631	0.087371	99
1353.404980	109.463455	-0.673834	0.086825	101
1355.445620	109.474396	-0.667864	0.086468	103
1357.485406	109.543289	-0.661771	0.086224	105
1359.525183	108.114769	-0.643278	0.100000	107
1361.566405	108.160721	-0.637972	0.100000	109
1363.605061	108.016922	-0.634359	0.100000	111
1365.643645	107.951530	-0.629883	0.100000	113
1367.681689	108.065109	-0.787857	0.100000	115
1369.718917	109.020233	-0.625910	0.083906	117
1371.754465	108.832642	-0.619848	0.083345	119
1373.791089	108.621849	-0.613722	0.083051	121
1375.828472	108.426956	-0.607258	0.082511	123
1377.865571	108.255951	-0.600317	0.081909	125
1379.903343	108.011490	-0.594818	0.081297	127
1381.942093	107.955963	-0.588438	0.081022	129
1383.980340	107.980057	-0.582308	0.080313	131
1386.020728	108.017639	-0.575837	0.079522	133
1388.062370	108.123283	-0.568798	0.078945	135
1390.104544	108.435852	-0.561943	0.077959	137
1392.146902	108.646370	-0.555761	0.077694	139
1394.188572	108.952065	-0.550335	0.077290	141
1396.230192	109.138451	-0.544154	0.076658	143
1398.271277	109.254501	-0.538722	0.075994	145
1400.310946	109.351715	-0.533659	0.075428	147
1402.350845	109.184586	-0.527532	0.074551	149
1404.388501	109.045418	-0.522581	0.074155	151
1406.427169	108.895050	-0.518347	0.073535	153
1408.466204	108.689865	-0.512479	0.072997	155
1410.502651	108.541687	-0.508624	0.072752	157
1412.540381	108.409729	-0.504404	0.071817	159
1414.577489	108.252174	-0.498739	0.071381	161
1416.616204	108.095818	-0.493055	0.070693	163
1418.655899	107.986519	-0.486748	0.069881	165
1420.692931	107.960083	-0.481169	0.069386	167
1422.733416	107.924561	-0.476442	0.068974	169
1424.774419	107.772591	-0.471637	0.068520	171
1426.813268	107.908249	-0.466031	0.067817	173
1428.854696	107.993767	-0.460662	0.067462	175
1430.893546	107.961746	-0.454925	0.066808	177
1432.933167	107.990189	-0.450059	0.066264	179
1434.975082	107.937004	-0.445644	0.065786	181
1437.013384	107.913818	-0.441947	0.065380	183
1439.053820	107.857262	-0.438467	0.065205	185
1441.093125	107.901062	-0.433712	0.064856	187
1443.129443	107.820770	-0.428485	0.064340	189
1445.170101	107.704666	-0.424150	0.063409	191
1447.204059	107.512199	-0.420561	0.063039	193
1449.241572	107.342934	-0.416778	0.062606	195
1451.275458	107.109177	-0.413451	0.062300	197
1453.311461	106.946648	-0.409867	0.061616	199
1455.349489	106.596329	-0.405420	0.061218	201
1457.384531	106.468849	-0.401040	0.060908	203
1459.423823	106.447502	-0.396371	0.059996	205
1461.462233	106.412727	-0.392254	0.059588	207
1463.501123	106.456902	-0.388134	0.059053	209
1465.541737	106.555389	-0.383268	0.058431	211
1467.584584	106.718704	-0.378675	0.057966	213
1469.625992	107.007072	-0.373260	0.057333	215
1471.668380	107.192146	-0.369332	0.056966	217
1473.709663	107.503365	-0.364718	0.056335	219
1475.753330	107.803261	-0.359422	0.056182	221
1477.793903	108.012306	-0.355747	0.055848	223
1479.831026	108.057953	-0.352416	0.055429	225
1481.873779	108.052032	-0.348936	0.054994	227
1483.912773	107.988235	-0.345043	0.054509	229
1485.949397	107.841713	-0.341815	0.053691	231
1487.987295	107.695969	-0.338644	0.053281	233
1490.026450	107.616058	-0.334644	0.052777	235
1492.063605	107.477997	-0.330753	0.052167	237
1494.102200	107.324310	-0.327091	0.051541	239
1496.141060	107.215080	-0.322924	0.050841	241
1498.180192	107.202454	-0.317878	0.050479	243
1500.221430	107.099762	-0.315372	0.049907	245
1502.262359	107.131989	-0.311207	0.049570	247
1504.298873	107.086258	-0.308231	0.049053	249
1506.340053	107.158951	-0.304971	0.048898	251
1508.377784	107.282188	-0.301393	0.049005	253
1510.420180	107.384575	-0.298199	0.048112	255
1512.459857	107.161209	-0.295257	0.047551	1
1514.495742	107.084084	-0.292391	0.047270	3
1516.532212	106.974655	-0.290013	0.047049	5
1518.572223	106.736946	-0.288013	0.046753	7
1520.606927	106.402359	-0.286150	0.046201	9
1522.638615	106.271469	-0.283776	0.046001	11
1524.674682	106.040070	-0.281266	0.045482	13
1526.708809	105.844894	-0.278903	0.045088	15
1528.743785	105.639069	-0.276367	0.044819	17
1530.780932	105.397957	-0.273814	0.044340	19
1532.821390	105.380608	-0.270862	0.044024	21
1534.857583	105.419540	-0.267222	0.043951	23
1536.898356	105.364563	-0.264490	0.043304	25
1538.940279	105.502716	-0.260529	0.042993	27
1540.977662	105.904869	-0.257570	0.042642	29
1543.024844	106.412880	-0.253586	0.042525	31
1545.069246	106.770195	-0.249982	0.042255	33
1547.114773	107.080238	-0.246761	0.042209	35
1549.153810	107.314560	-0.244332	0.041797	37
1551.196684	107.534920	-0.241157	0.041757	39
1553.236967	107.659416	-0.238406	0.041589	41
1555.271834	107.678658	-0.235893	0.040906	43
1557.311105	107.560081	-0.233596	0.040622	45
1559.350701	107.330833	-0.231319	0.040089	47
1561.391549	107.147469	-0.228517	0.039636	49
1563.431074	107.112671	-0.226397	0.039405	51
1565.465175	107.118027	-0.222919	0.038781	53
1567.507683	106.965736	-0.220993	0.038480	55
1569.546669	107.031876	-0.218310	0.038076	57
1571.587671	107.010841	-0.214656	0.037873	59
1573.625536	106.822197	-0.213279	0.037252	61
1575.662523	107.019951	-0.209727	0.037010	63
1577.703905	106.963608	-0.207784	0.036520	65
1579.739523	106.911690	-0.205587	0.036090	67
1581.781142	106.747292	-0.203754	0.035813	69
1583.813928	106.900826	-0.201685	0.035582	71
1585.845528	106.808655	-0.199596	0.035324	73
1587.884021	106.133385	-0.199517	0.034568	75
1589.925678	106.137299	-0.197912	0.034300	77
1591.952541	105.823654	-0.196236	0.033883	79
1593.986264	105.285973	-0.195257	0.033359	81
1596.016348	105.002274	-0.194228	0.032871	83
1598.056225	104.753799	-0.192094	0.032486	85
1600.088080	104.510605	-0.189947	0.032225	87
1602.128124	104.381241	-0.188012	0.031900	89
1604.165640	104.342941	-0.185692	0.031500	91
1606.205386	104.744766	-0.183544	0.031387	93
1608.252979	105.335831	-0.179837	0.031410	95
1610.293696	105.526772	-0.177199	0.031221	97
1612.334759	105.997002	-0.175165	0.031034	99
1614.377436	106.550339	-0.171909	0.031068	101
1616.431943	107.044792	-0.169536	0.030964	103
1618.474662	107.847610	-0.166571	0.031277	105
1620.518247	108.190987	-0.163861	0.031401	107
1622.553812	108.261177	-0.162418	0.031240	109
1624.588432	108.465836	-0.160313	0.031246	111
1626.632517	108.642128	-0.158177	0.030964	113
1628.675077	108.187042	-0.156971	0.030465	115
1630.728711	108.150314	-0.155374	0.030014	117
1632.751127	108.632866	-0.152644	0.030369	119
1634.790712	108.368828	-0.151136	0.029923	121
1636.824998	107.807686	-0.150382	0.029067	123
1638.867615	107.939949	-0.148641	0.028818	125
1640.910957	108.435394	-0.145642	0.029507	127
